1	1		emilio	172	77	29	36	-5	
2	1		emilio	172	77	29	36	-5	
3	1		emilio	172	77	29	36	-5	
4	1		emilio	176	77	29	36	-5	
5	1		emilio	175	77	29	36	-5	
6	1		emilio	176	77	29	36	-3	
7	1		emilio	177	77	29	36	-3	
8	1		emilio	177	77	29	36	-3	
9	1		emilio	178	77	29	36	-3	
10	1		emilio	178	77	29	36	-3	
11	1		emilio	177	77	29	36	-3	
12	1		emilio	177	77	29	36	-3	
13	1		emilio	177	77	29	36	-3	
14	1		emilio	175	77	29	36	-3	
15	1		emilio	175	77	29	36	-3	
16	1		emilio	175	77	29	36	-3	
17	1		emilio	175	77	29	36	-3	
18	1		emilio	175	77	29	36	-3	
19	1		emilio	175	77	29	36	-3	
20	1		emilio	175	77	29	36	-3	
21	1		emilio	175	77	29	36	-3	
22	1		emilio	175	77	29	36	-3	
23	1		emilio	175	77	29	36	-3	
24	1		emilio	174	77	29	36	-3	
25	1		emilio	174	77	29	36	-3	
26	1		emilio	175	78	29	36	-3	
27	1		emilio	175	78	29	36	-3	
28	1		emilio	175	78	29	36	-3	
29	1		emilio	176	78	29	36	-3	
30	1		emilio	176	78	29	36	-3	
31	1		emilio	177	78	29	36	-3	
32	1		emilio	177	78	29	36	-3	
33	1		emilio	177	78	29	36	-3	
34	1		emilio	179	78	29	36	-3	
35	1		emilio	180	78	29	36	-3	
36	1		emilio	184	78	29	36	-3	
37	1		emilio	185	78	29	36	-3	
38	1		emilio	185	78	29	36	-3	
39	1		emilio	189	78	29	36	-3	
40	1		emilio	189	78	29	36	-3	
41	1		emilio	198	78	29	36	-4	
42	1		emilio	198	78	29	36	-4	
43	1		emilio	198	78	29	36	-4	
44	1		emilio	206	78	29	36	-4	
45	1		emilio	206	78	29	36	-4	
46	1		emilio	213	78	29	36	-4	
47	1		emilio	213	78	29	36	-4	
48	1		emilio	213	78	29	36	-4	
49	1		emilio	219	78	30	36	-4	
50	1		emilio	219	78	30	36	-4	
51	1		emilio	220	78	30	36	-2	
52	1		emilio	220	78	30	36	-2	
53	1		emilio	220	78	30	36	-2	
54	1		emilio	218	78	30	36	-2	
55	1		emilio	217	78	30	36	-2	
56	1		emilio	209	81	31	37	-2	
57	1		emilio	208	81	31	37	-2	
58	1		emilio	208	81	31	37	-2	
59	1		emilio	193	81	31	37	-2	
60	1		emilio	193	81	31	37	-2	
61	1		emilio	172	79	33	39	-2	
62	1		emilio	172	79	33	39	-2	
63	1		emilio	172	79	33	39	-2	
64	1		emilio	145	77	35	41	0	
65	1		emilio	145	77	35	41	0	
66	1		emilio	121	78	37	43	0	
67	1		emilio	121	78	37	43	0	
68	1		emilio	121	78	37	43	0	
69	1		emilio	100	78	39	45	0	
70	1		emilio	100	78	39	45	0	
71	1		emilio	81	73	41	49	0	
72	1		emilio	81	73	41	49	0	
73	1		emilio	81	73	41	49	0	
74	1		emilio	63	73	43	51	0	
75	1		emilio	63	73	43	51	0	
76	1		emilio	50	73	45	54	0	
77	1		emilio	50	73	45	54	0	
78	1		emilio	50	73	45	54	0	
79	1		emilio	39	70	48	56	0	
80	1		emilio	39	70	48	56	0	
81	1		emilio	32	70	50	56	0	
82	1		emilio	32	70	50	56	0	
83	1		emilio	32	70	50	56	0	
84	1		emilio	32	68	50	56	0	
85	1		emilio	32	67	50	57	0	
86	1		emilio	37	67	50	57	0	
87	1		emilio	38	67	50	57	0	
88	1		emilio	38	67	50	57	0	
89	1		emilio	43	70	48	55	0	
90	1		emilio	43	70	48	55	0	
91	1		emilio	57	75	45	54	-13	
92	1		emilio	57	75	45	54	-13	
93	1		emilio	57	75	45	54	-13	
94	1		emilio	72	78	43	52	-16	
95	1		emilio	72	78	43	52	-16	
96	1		emilio	91	78	41	50	-18	
97	1		emilio	91	78	41	50	-18	
98	1		emilio	91	78	41	50	-18	
99	1		emilio	117	69	38	45	-18	
100	1		emilio	117	69	38	45	-18	
101	1		emilio	143	65	36	43	-18	
102	1		emilio	143	65	36	43	-18	
103	1		emilio	143	65	36	43	-18	
104	1		emilio	167	66	35	42	-18	
105	1		emilio	167	66	35	42	-18	
106	1		emilio	188	66	35	42	-18	
107	1		emilio	188	66	35	42	-18	
108	1		emilio	188	66	35	42	-18	
109	1		emilio	204	66	35	42	-18	
110	1		emilio	204	66	35	42	-18	
111	1		emilio	219	64	35	42	-18	
112	1		emilio	219	64	35	42	-18	
113	1		emilio	219	64	35	42	-18	
114	1		emilio	229	64	34	41	-16	
115	1		emilio	229	64	34	41	-16	
116	1		emilio	238	65	34	41	-16	
117	1		emilio	238	65	34	41	-16	
118	1		emilio	238	65	34	41	-16	
119	1		emilio	246	67	34	41	-16	
120	1		emilio	246	67	34	41	-16	
121	1		emilio	251	67	33	40	-16	
122	1		emilio	251	67	33	40	-16	
123	1		emilio	251	67	33	40	-16	
124	1		emilio	254	69	33	40	-16	
125	1		emilio	254	69	33	40	-16	
126	1		emilio	259	67	33	40	-14	
127	1		emilio	259	67	33	40	-14	
128	1		emilio	259	67	33	40	-14	
129	1		emilio	266	67	33	40	-14	
130	1		emilio	266	67	33	40	-14	
131	1		emilio	273	67	33	40	-12	
132	1		emilio	273	67	33	40	-12	
133	1		emilio	273	67	33	40	-12	
134	1		emilio	278	73	34	41	-11	
135	1		emilio	278	73	34	41	-11	
136	1		emilio	275	80	35	42	-9	
137	1		emilio	275	80	35	42	-9	
138	1		emilio	275	80	35	42	-9	
139	1		emilio	256	80	35	42	-9	
140	1		emilio	255	80	35	42	-9	
141	1		emilio	223	72	35	42	-9	
142	1		emilio	223	72	35	42	-9	
143	1		emilio	223	72	35	42	-9	
144	1		emilio	188	72	35	42	-5	
145	1		emilio	188	72	35	42	-5	
146	1		emilio	150	91	35	42	-3	
147	1		emilio	150	91	35	42	-3	
148	1		emilio	150	91	35	42	-3	
149	1		emilio	126	104	35	42	-3	
150	1		emilio	126	104	35	42	-3	
151	1		emilio	126	101	35	42	-3	
152	1		emilio	126	101	35	42	-3	
153	1		emilio	126	101	35	42	-3	
154	1		emilio	145	83	35	42	-9	
155	1		emilio	145	83	35	42	-9	
156	1		emilio	169	70	36	43	-9	
157	1		emilio	169	70	36	43	-9	
158	1		emilio	169	70	36	43	-9	
159	1		emilio	199	77	36	43	-9	
160	1		emilio	199	77	36	43	-9	
161	1		emilio	213	86	36	43	-7	
162	1		emilio	213	86	36	43	-7	
163	1		emilio	213	86	36	43	-7	
164	1		emilio	210	86	36	43	-7	
165	1		emilio	210	86	36	43	-7	
166	1		emilio	193	73	35	42	-7	
167	1		emilio	193	73	35	42	-7	
168	1		emilio	193	73	35	42	-7	
169	1		emilio	165	63	35	42	-5	
170	1		emilio	165	63	35	42	-5	
171	1		emilio	134	75	36	43	-5	
172	1		emilio	134	75	36	43	-5	
173	1		emilio	134	75	36	43	-5	
174	1		emilio	120	86	37	45	-5	
175	1		emilio	120	86	37	45	-5	
176	1		emilio	128	82	37	45	-5	
177	1		emilio	128	82	37	45	-5	
178	1		emilio	128	82	37	45	-5	
179	1		emilio	146	66	36	44	-10	
180	1		emilio	146	66	36	44	-10	
181	1		emilio	168	63	35	43	-15	
182	1		emilio	168	63	35	43	-15	
183	1		emilio	168	63	35	43	-15	
184	1		emilio	197	76	35	43	-15	
185	1		emilio	197	76	35	43	-15	
186	1		emilio	216	78	33	41	-15	
187	1		emilio	216	78	33	41	-15	
188	1		emilio	216	78	33	41	-15	
189	1		emilio	227	73	33	41	-15	
190	1		emilio	227	73	33	41	-15	
191	1		emilio	234	69	33	41	-15	
192	1		emilio	234	69	33	41	-15	
193	1		emilio	234	69	33	41	-15	
194	1		emilio	239	70	33	41	-15	
195	1		emilio	239	70	33	41	-15	
196	1		emilio	240	70	33	41	-15	
197	1		emilio	240	70	33	41	-15	
198	1		emilio	240	70	33	41	-15	
199	1		emilio	241	70	33	41	-15	
200	1		emilio	241	70	33	41	-15	
201	1		emilio	241	70	33	41	-15	
202	1		emilio	241	72	33	41	-15	
203	1		emilio	241	72	33	41	-15	
204	1		emilio	242	77	33	41	-14	
205	1		emilio	242	77	33	41	-14	
206	1		emilio	245	79	32	40	-14	
207	1		emilio	245	79	32	40	-14	
208	1		emilio	245	79	32	40	-14	
209	1		emilio	249	81	32	40	-14	
210	1		emilio	249	81	32	40	-14	
211	1		emilio	255	83	32	40	-14	
212	1		emilio	255	83	32	40	-14	
213	1		emilio	255	83	32	40	-14	
214	1		emilio	265	84	31	39	-14	
215	1		emilio	265	84	31	39	-14	
216	1		emilio	281	84	30	38	-14	
217	1		emilio	281	84	30	38	-14	
218	1		emilio	281	84	30	38	-14	
219	1		emilio	297	83	30	38	-14	
220	1		emilio	297	83	30	38	-14	
221	1		emilio	308	81	30	38	-14	
222	1		emilio	308	81	30	38	-14	
223	1		emilio	308	81	30	38	-14	
224	1		emilio	314	79	30	38	-14	
225	1		emilio	314	79	30	38	-14	
226	1		emilio	311	77	30	38	-14	
227	1		emilio	311	77	30	38	-14	
228	1		emilio	311	77	30	38	-14	
229	1		emilio	307	77	30	38	-11	
230	1		emilio	307	77	30	38	-11	
231	1		emilio	300	77	32	38	-11	
232	1		emilio	300	77	32	38	-11	
233	1		emilio	300	77	32	38	-11	
234	1		emilio	287	77	33	39	-9	
235	1		emilio	287	77	33	39	-9	
236	1		emilio	274	80	33	39	-9	
237	1		emilio	274	80	33	39	-9	
238	1		emilio	274	80	33	39	-9	
239	1		emilio	260	82	33	39	-9	
240	1		emilio	260	82	33	39	-9	
241	1		emilio	248	82	33	39	-9	
242	1		emilio	248	82	33	39	-9	
243	1		emilio	248	82	33	39	-9	
244	1		emilio	240	86	33	39	-9	
245	1		emilio	240	86	33	39	-9	
246	1		emilio	236	86	32	38	-9	
247	1		emilio	236	86	32	38	-9	
248	1		emilio	236	86	32	38	-9	
249	1		emilio	234	90	32	38	-9	
250	1		emilio	234	90	32	38	-9	
251	1		emilio	234	91	30	36	-9	
252	1		emilio	234	91	30	36	-9	
253	1		emilio	234	91	30	36	-9	
254	1		emilio	234	94	29	35	-9	
255	1		emilio	234	94	29	35	-9	
256	1		emilio	234	96	29	35	-9	
257	1		emilio	234	96	29	35	-9	
258	1		emilio	234	96	29	35	-9	
259	1		emilio	232	98	28	34	-9	
260	1		emilio	232	98	28	34	-9	
261	1		emilio	229	98	28	34	-9	
262	1		emilio	229	98	28	34	-9	
263	1		emilio	229	98	28	34	-9	
264	1		emilio	225	100	27	33	-9	
265	1		emilio	225	100	27	33	-9	
266	1		emilio	221	101	27	33	-9	
267	1		emilio	221	101	27	33	-9	
268	1		emilio	221	101	27	33	-9	
269	1		emilio	214	104	26	32	-9	
270	1		emilio	214	104	26	32	-9	
271	1		emilio	208	104	26	32	-9	
272	1		emilio	208	104	26	32	-9	
273	1		emilio	208	104	26	32	-9	
274	1		emilio	203	108	26	32	-9	
275	1		emilio	203	108	26	32	-9	
276	1		emilio	197	112	25	31	-11	
277	1		emilio	197	112	25	31	-11	
278	1		emilio	197	112	25	31	-11	
279	1		emilio	193	116	25	31	-11	
280	1		emilio	193	116	25	31	-11	
281	1		emilio	193	116	25	31	-11	
282	1		emilio	191	123	24	30	-11	
283	1		emilio	191	123	24	30	-11	
284	1		emilio	189	129	24	30	-11	
285	1		emilio	189	129	24	30	-11	
286	1		emilio	187	131	24	30	-13	
287	1		emilio	187	131	24	30	-13	
288	1		emilio	187	131	24	30	-13	
289	1		emilio	182	135	24	30	-13	
290	1		emilio	182	135	24	30	-13	
291	1		emilio	180	141	24	30	-13	
292	1		emilio	180	141	24	30	-13	
293	1		emilio	180	141	24	30	-13	
294	1		emilio	177	148	24	30	-13	
295	1		emilio	177	148	24	30	-13	
296	1		emilio	175	155	24	30	-13	
297	1		emilio	175	155	24	30	-13	
298	1		emilio	175	155	24	30	-13	
299	1		emilio	173	163	24	30	-13	
300	1		emilio	173	163	24	30	-13	
301	1		emilio	172	171	24	30	-12	
302	1		emilio	172	171	24	30	-12	
303	1		emilio	172	171	24	30	-12	
304	1		emilio	172	175	24	30	-12	
305	1		emilio	172	175	24	30	-12	
306	1		emilio	172	178	24	30	-12	
307	1		emilio	172	178	24	30	-12	
308	1		emilio	172	178	24	30	-12	
309	1		emilio	172	182	24	30	-12	
310	1		emilio	172	182	24	30	-12	
311	1		emilio	172	188	24	30	-12	
312	1		emilio	172	188	24	30	-12	
313	1		emilio	172	188	24	30	-12	
314	1		emilio	172	192	24	30	-12	
315	1		emilio	172	192	24	30	-12	
316	1		emilio	172	194	24	30	-12	
317	1		emilio	172	194	24	30	-12	
318	1		emilio	172	194	24	30	-12	
319	1		emilio	171	199	24	30	-12	
320	1		emilio	171	199	24	30	-12	
321	1		emilio	168	202	24	30	-12	
322	1		emilio	168	202	24	30	-12	
323	1		emilio	168	202	24	30	-12	
324	1		emilio	166	205	24	30	-12	
325	1		emilio	166	205	24	30	-12	
326	1		emilio	165	208	24	30	-12	
327	1		emilio	165	208	24	30	-12	
328	1		emilio	165	208	24	30	-12	
329	1		emilio	164	209	24	30	-12	
330	1		emilio	164	209	24	30	-12	
331	1		emilio	164	208	24	30	-12	
332	1		emilio	164	208	24	30	-12	
333	1		emilio	164	208	24	30	-12	
334	1		emilio	164	206	24	30	-12	
335	1		emilio	164	206	24	30	-12	
336	1		emilio	167	205	24	30	-12	
337	1		emilio	167	205	24	30	-12	
338	1		emilio	167	205	24	30	-12	
339	1		emilio	171	203	24	30	-12	
340	1		emilio	171	203	24	30	-12	
341	1		emilio	176	201	24	30	-12	
342	1		emilio	176	201	24	30	-12	
343	1		emilio	176	201	24	30	-12	
344	1		emilio	182	200	24	30	-12	
345	1		emilio	182	200	24	30	-12	
346	1		emilio	182	200	24	30	-12	
347	1		emilio	190	200	24	30	-12	
348	1		emilio	190	200	24	30	-12	
349	1		emilio	190	200	24	30	-12	
350	1		emilio	198	200	24	30	-12	
351	1		emilio	204	201	24	30	-12	
352	1		emilio	204	201	24	30	-12	
353	1		emilio	204	201	24	30	-12	
354	1		emilio	212	201	25	31	-10	
355	1		emilio	212	201	25	31	-10	
356	1		emilio	220	202	26	32	-7	
357	1		emilio	220	202	26	32	-7	
358	1		emilio	220	202	26	32	-7	
359	1		emilio	229	203	26	32	-7	
360	1		emilio	229	203	26	32	-7	
361	1		emilio	241	205	26	32	-5	
362	1		emilio	241	205	26	32	-5	
363	1		emilio	241	205	26	32	-5	
364	1		emilio	249	207	27	34	-2	
365	1		emilio	249	207	27	34	-2	
366	1		emilio	257	213	27	34	-2	
367	1		emilio	257	213	27	34	-2	
368	1		emilio	257	213	27	34	-2	
369	1		emilio	258	216	27	34	5	
370	1		emilio	258	216	27	34	5	
371	1		emilio	257	213	27	34	5	
372	1		emilio	257	213	27	34	5	
373	1		emilio	257	213	27	34	5	
374	1		emilio	252	210	27	34	5	
375	1		emilio	252	210	27	34	5	
376	1		emilio	252	210	27	34	5	
377	1		emilio	246	205	27	34	5	
378	1		emilio	246	205	27	34	5	
379	1		emilio	238	201	27	34	5	
380	1		emilio	238	201	27	34	5	
381	1		emilio	228	196	27	34	5	
382	1		emilio	228	196	27	34	5	
383	1		emilio	228	196	27	34	5	
384	1		emilio	214	189	27	34	2	
385	1		emilio	214	189	27	34	2	
386	1		emilio	214	189	27	34	2	
387	1		emilio	198	189	27	34	2	
388	1		emilio	197	189	27	34	2	
389	1		emilio	180	184	27	34	-6	
390	1		emilio	180	184	27	34	-6	
391	1		emilio	167	186	26	33	-6	
392	1		emilio	167	186	26	33	-6	
393	1		emilio	167	186	26	33	-6	
394	1		emilio	158	187	25	32	-14	
395	1		emilio	158	187	25	32	-14	
396	1		emilio	154	186	25	32	-15	
397	1		emilio	154	186	25	32	-15	
398	1		emilio	154	186	25	32	-15	
399	1		emilio	154	184	25	32	-15	
400	1		emilio	154	184	25	32	-15	
401	1		emilio	154	181	25	32	-15	
402	1		emilio	154	181	25	32	-15	
403	1		emilio	154	181	25	32	-15	
404	1		emilio	154	176	25	32	-15	
405	1		emilio	154	176	25	32	-15	
406	1		emilio	154	169	25	32	-15	
407	1		emilio	154	169	25	32	-15	
408	1		emilio	154	169	25	32	-15	
409	1		emilio	156	162	24	31	-21	
410	1		emilio	156	162	24	31	-21	
411	1		emilio	162	156	24	31	-26	
412	1		emilio	162	156	24	31	-26	
413	1		emilio	162	156	24	31	-26	
414	1		emilio	169	152	24	31	-26	
415	1		emilio	169	152	24	31	-26	
416	1		emilio	173	148	23	30	-26	
417	1		emilio	173	148	23	30	-26	
418	1		emilio	173	148	23	30	-26	
419	1		emilio	180	146	23	30	-26	
420	1		emilio	180	146	23	30	-26	
421	1		emilio	185	146	23	30	-26	
422	1		emilio	185	146	23	30	-26	
423	1		emilio	185	146	23	30	-26	
424	1		emilio	190	146	23	30	-26	
425	1		emilio	190	146	23	30	-26	
426	1		emilio	195	149	23	30	-26	
427	1		emilio	195	149	23	30	-26	
428	1		emilio	195	149	23	30	-26	
429	1		emilio	197	151	23	30	-26	
430	1		emilio	197	151	23	30	-26	
431	1		emilio	197	151	23	30	-26	
432	1		emilio	199	153	23	30	-26	
433	1		emilio	199	153	23	30	-26	
434	1		emilio	199	153	23	30	-26	
435	1		emilio	199	152	23	30	-26	
436	1		emilio	199	150	23	30	-26	
437	1		emilio	199	150	23	30	-26	
438	1		emilio	199	150	23	30	-26	
439	1		emilio	201	150	23	30	-26	
440	1		emilio	201	150	23	30	-26	
441	1		emilio	201	149	23	30	-26	
442	1		emilio	201	149	23	30	-26	
443	1		emilio	201	149	23	30	-26	
444	1		emilio	203	151	23	30	-26	
445	1		emilio	203	151	23	30	-26	
446	1		emilio	204	153	23	30	-26	
447	1		emilio	204	153	23	30	-26	
448	1		emilio	204	153	23	30	-26	
449	1		emilio	209	155	23	30	-26	
450	1		emilio	209	155	23	30	-26	
451	1		emilio	213	156	23	30	-26	
452	1		emilio	213	156	23	30	-26	
453	1		emilio	213	156	23	30	-26	
454	1		emilio	216	155	23	30	-26	
455	1		emilio	216	155	23	30	-26	
456	1		emilio	219	153	23	30	-26	
457	1		emilio	219	153	23	30	-26	
458	1		emilio	219	153	23	30	-26	
459	1		emilio	222	154	23	30	-26	
460	1		emilio	222	154	23	30	-26	
461	1		emilio	224	153	23	30	-26	
462	1		emilio	224	153	23	30	-26	
463	1		emilio	224	153	23	30	-26	
464	1		emilio	227	153	23	30	-26	
465	1		emilio	227	153	23	30	-26	
466	1		emilio	228	153	23	30	-26	
467	1		emilio	228	153	23	30	-26	
468	1		emilio	228	153	23	30	-26	
469	1		emilio	229	153	23	30	-26	
470	1		emilio	229	153	23	30	-26	
471	1		emilio	229	153	23	30	-26	
472	1		emilio	229	153	23	30	-26	
473	1		emilio	229	153	23	30	-26	
474	1		emilio	229	153	23	30	-26	
475	1		emilio	229	153	23	30	-26	
476	1		emilio	229	152	23	30	-26	
477	1		emilio	229	152	23	30	-26	
478	1		emilio	229	152	23	30	-26	
479	1		emilio	229	150	23	30	-26	
480	1		emilio	229	150	23	30	-26	
481	1		emilio	229	149	23	30	-26	
482	1		emilio	229	149	23	30	-26	
483	1		emilio	229	149	23	30	-26	
484	1		emilio	229	149	23	30	-23	
485	1		emilio	229	149	23	30	-23	
486	1		emilio	229	149	23	30	-22	
487	1		emilio	229	149	23	30	-22	
488	1		emilio	229	149	23	30	-22	
489	1		emilio	231	149	24	30	-22	
490	1		emilio	231	149	24	30	-22	
491	1		emilio	234	149	24	30	-22	
492	1		emilio	234	149	24	30	-22	
493	1		emilio	234	149	24	30	-22	
494	1		emilio	239	147	24	30	-22	
495	1		emilio	239	147	24	30	-22	
496	1		emilio	241	145	24	30	-22	
497	1		emilio	241	145	24	30	-22	
498	1		emilio	241	145	24	30	-22	
499	1		emilio	244	145	24	30	-22	
500	1		emilio	244	145	24	30	-22	
501	1		emilio	248	145	24	30	-22	
502	1		emilio	248	145	24	30	-22	
503	1		emilio	248	145	24	30	-22	
504	1		emilio	252	145	24	30	-22	
505	1		emilio	252	145	24	30	-22	
506	1		emilio	254	145	24	30	-22	
507	1		emilio	254	145	24	30	-22	
508	1		emilio	254	145	24	30	-22	
509	1		emilio	255	145	24	30	-22	
510	1		emilio	255	145	24	30	-22	
511	1		emilio	255	145	24	30	-22	
512	1		emilio	255	145	24	30	-22	
513	1		emilio	255	145	24	30	-22	
514	1		emilio	255	145	24	30	-22	
515	1		emilio	252	145	24	30	-22	
516	1		emilio	252	145	24	30	-22	
517	1		emilio	250	144	24	30	-22	
518	1		emilio	250	144	24	30	-22	
519	1		emilio	249	143	24	30	-22	
520	1		emilio	249	143	24	30	-22	
521	1		emilio	248	143	24	30	-22	
522	1		emilio	248	143	24	30	-22	
523	1		emilio	248	143	24	30	-22	
524	1		emilio	243	141	24	30	-22	
525	1		emilio	243	141	24	30	-22	
526	1		emilio	242	141	23	29	-22	
527	1		emilio	242	141	23	29	-22	
528	1		emilio	242	141	23	29	-22	
529	1		emilio	241	141	23	29	-22	
530	1		emilio	241	141	23	29	-22	
531	1		emilio	240	141	23	29	-22	
532	1		emilio	240	141	23	29	-22	
533	1		emilio	240	141	23	29	-22	
534	1		emilio	238	141	23	29	-22	
535	1		emilio	238	141	23	29	-22	
536	1		emilio	237	142	23	29	-22	
537	1		emilio	237	142	23	29	-22	
538	1		emilio	237	142	23	29	-22	
539	1		emilio	239	142	23	29	-22	
540	1		emilio	239	142	23	29	-22	
541	1		emilio	243	142	22	28	-22	
542	1		emilio	243	142	22	28	-22	
543	1		emilio	243	142	22	28	-22	
544	1		emilio	244	142	22	28	-22	
545	1		emilio	244	142	22	28	-22	
546	1		emilio	247	142	22	28	-22	
547	1		emilio	247	142	22	28	-22	
548	1		emilio	247	142	22	28	-22	
549	1		emilio	251	142	22	28	-22	
550	1		emilio	251	142	22	28	-22	
551	1		emilio	254	142	22	28	-22	
552	1		emilio	254	142	22	28	-22	
553	1		emilio	254	142	22	28	-22	
554	1		emilio	256	142	22	28	-22	
555	1		emilio	256	142	22	28	-22	
556	1		emilio	259	141	22	28	-22	
557	1		emilio	259	141	22	28	-22	
558	1		emilio	259	141	22	28	-22	
559	1		emilio	261	141	22	28	-22	
560	1		emilio	261	141	22	28	-22	
561	1		emilio	264	141	21	27	-22	
562	1		emilio	264	141	21	27	-22	
563	1		emilio	264	141	21	27	-22	
564	1		emilio	267	141	21	27	-22	
565	1		emilio	267	141	21	27	-22	
566	1		emilio	268	141	21	27	-22	
567	1		emilio	268	141	21	27	-22	
568	1		emilio	268	141	21	27	-22	
569	1		emilio	270	140	21	27	-20	
570	1		emilio	270	140	21	27	-20	
571	1		emilio	273	140	21	27	-20	
572	1		emilio	273	140	21	27	-20	
573	1		emilio	273	140	21	27	-20	
574	1		emilio	275	139	21	27	-20	
575	1		emilio	275	139	21	27	-20	
576	1		emilio	276	138	21	27	-17	
577	1		emilio	276	138	21	27	-17	
578	1		emilio	276	138	21	27	-17	
579	1		emilio	276	138	21	26	-10	
580	1		emilio	276	138	21	26	-10	
581	1		emilio	276	141	21	26	-10	
582	1		emilio	276	141	21	26	-10	
583	1		emilio	275	141	22	27	-10	
584	1		emilio	275	141	22	27	-10	
585	1		emilio	272	141	22	27	-10	
586	1		emilio	268	143	22	27	-10	
587	1		emilio	267	144	22	27	-8	
588	1		emilio	267	144	22	27	-8	
589	1		emilio	264	144	22	27	-8	
590	1		emilio	262	144	22	27	-8	
591	1		emilio	262	144	22	27	-8	
592	1		emilio	259	144	21	26	-8	
593	1		emilio	259	144	21	26	-8	
594	1		emilio	256	144	20	25	-8	
595	1		emilio	256	144	20	25	-8	
596	1		emilio	254	144	20	25	-8	
597	1		emilio	254	144	20	25	-8	
598	1		emilio	254	144	20	25	-8	
599	1		emilio	251	144	20	25	-8	
600	1		emilio	251	146	20	25	-8	
601	1		emilio	251	146	20	25	-8	
602	1		emilio	251	146	20	25	-8	
603	1		emilio	251	146	20	25	-8	
604	1		emilio	250	146	20	25	-8	
605	1		emilio	250	146	20	25	-8	
606	1		emilio	249	147	20	25	-8	
607	1		emilio	249	147	20	25	-8	
608	1		emilio	249	147	20	25	-8	
609	1		emilio	249	148	20	25	-8	
610	1		emilio	249	148	20	25	-8	
611	1		emilio	249	149	20	25	-8	
612	1		emilio	249	149	20	25	-8	
613	1		emilio	249	149	20	25	-8	
614	1		emilio	249	150	20	25	-8	
615	1		emilio	249	150	20	25	-8	
616	1		emilio	249	148	19	24	-8	
617	1		emilio	249	148	19	24	-8	
618	1		emilio	249	148	19	24	-8	
619	1		emilio	249	147	19	24	-8	
620	1		emilio	249	147	19	24	-8	
621	1		emilio	249	147	19	24	-8	
622	1		emilio	250	146	19	24	-8	
623	1		emilio	250	146	19	24	-8	
624	1		emilio	250	146	19	24	-8	
625	1		emilio	250	145	19	24	-8	
626	1		emilio	250	145	19	24	-8	
627	1		emilio	250	145	19	24	-8	
628	1		emilio	250	145	19	24	-8	
629	1		emilio	250	145	19	24	-8	
630	1		emilio	250	145	19	24	-8	
631	1		emilio	250	145	19	24	-8	
632	1		emilio	249	146	18	23	-8	
633	1		emilio	249	146	18	23	-8	
634	1		emilio	249	146	18	23	-8	
635	1		emilio	248	146	18	23	-8	
636	1		emilio	248	146	18	23	-8	
637	1		emilio	248	146	18	23	-8	
638	1		emilio	248	146	18	23	-8	
639	1		emilio	248	146	18	23	-8	
640	1		emilio	248	146	18	23	-8	
641	1		emilio	248	147	18	23	-8	
642	1		emilio	248	147	18	23	-8	
643	1		emilio	248	147	18	23	-8	
644	1		emilio	248	147	18	23	-8	
645	1		emilio	249	145	17	22	-8	
646	1		emilio	249	145	17	22	-8	
647	1		emilio	249	145	17	22	-8	
648	1		emilio	249	145	17	22	-8	
649	1		emilio	249	145	17	22	-8	
650	1		emilio	249	145	17	22	-8	
651	1		emilio	249	145	17	22	-8	
652	1		emilio	249	145	17	22	-8	
653	1		emilio	248	144	17	22	-8	
654	1		emilio	248	144	17	22	-8	
655	1		emilio	248	144	17	22	-8	
656	1		emilio	247	144	17	22	-8	
657	1		emilio	247	144	17	22	-8	
658	1		emilio	247	144	17	22	-8	
659	1		emilio	247	144	17	22	-8	
660	1		emilio	247	144	17	22	-8	
661	1		emilio	248	143	17	22	-8	
662	1		emilio	248	143	17	22	-8	
663	1		emilio	248	143	17	22	-8	
664	1		emilio	248	143	17	22	-8	
665	1		emilio	248	145	17	22	-8	
666	1		emilio	248	145	17	22	-8	
667	1		emilio	248	145	17	22	-8	
668	1		emilio	248	147	17	22	-8	
669	1		emilio	248	147	17	22	-8	
670	1		emilio	248	147	17	22	-8	
671	1		emilio	247	148	17	22	-8	
672	1		emilio	247	148	17	22	-8	
673	1		emilio	247	148	17	22	-8	
674	1		emilio	245	147	16	21	-8	
675	1		emilio	245	147	16	21	-8	
676	1		emilio	245	147	16	21	-8	
677	1		emilio	243	149	16	21	-8	
678	1		emilio	243	149	16	21	-8	
679	1		emilio	243	149	16	21	-8	
680	1		emilio	241	152	16	21	-8	
681	1		emilio	239	155	16	21	-8	
682	1		emilio	239	155	16	21	-8	
683	1		emilio	238	156	16	21	-8	
684	1		emilio	237	160	16	21	-16	
685	1		emilio	237	160	16	21	-16	
686	1		emilio	234	164	16	21	-16	
687	1		emilio	234	164	16	21	-16	
688	1		emilio	234	164	16	21	-16	
689	1		emilio	233	167	15	20	-16	
690	1		emilio	233	167	15	20	-16	
691	1		emilio	233	167	15	20	-16	
692	1		emilio	232	169	15	20	-16	
693	1		emilio	232	170	15	20	-16	
694	1		emilio	231	172	15	20	-16	
695	1		emilio	231	174	15	20	-16	
696	1		emilio	233	175	15	20	-22	
697	1		emilio	233	175	15	20	-22	
698	1		emilio	233	175	15	20	-22	
699	1		emilio	233	175	15	20	-22	
700	1		emilio	233	177	15	20	-22	
701	1		emilio	233	177	15	20	-22	
702	1		emilio	233	179	15	20	-22	
703	1		emilio	233	179	15	20	-22	
704	1		emilio	233	179	15	20	-22	
705	1		emilio	233	180	15	20	-22	
706	1		emilio	233	180	15	20	-22	
707	1		emilio	233	180	15	20	-22	
708	1		emilio	233	180	15	20	-22	
709	1		emilio	233	180	15	20	-22	
710	1		emilio	233	180	15	20	-22	
711	1		emilio	233	180	15	20	-22	
712	1		emilio	233	182	15	20	-22	
713	1		emilio	232	182	15	20	-22	
714	1		emilio	232	182	15	20	-22	
715	1		emilio	232	182	15	20	-22	
716	1		emilio	232	182	15	20	-22	
717	1		emilio	232	182	15	20	-22	
718	1		emilio	232	182	15	20	-22	
719	1		emilio	232	182	15	20	-22	
720	1		emilio	232	182	15	20	-22	
721	1		emilio	232	182	15	20	-22	
722	1		emilio	233	179	15	20	-22	
723	1		emilio	233	179	15	20	-22	
724	1		emilio	233	179	15	20	-22	
725	1		emilio	234	179	15	20	-22	
726	1		emilio	234	174	15	20	-22	
727	1		emilio	235	174	15	20	-22	
728	1		emilio	235	174	15	20	-22	
729	1		emilio	235	170	15	20	-22	
730	1		emilio	235	170	15	20	-22	
731	1		emilio	238	165	16	21	-17	
732	1		emilio	238	165	16	21	-17	
733	1		emilio	238	165	16	21	-17	
734	1		emilio	242	161	16	21	-17	
735	1		emilio	242	161	16	21	-17	
736	1		emilio	249	156	16	21	-19	
737	1		emilio	249	156	16	21	-19	
738	1		emilio	249	156	16	21	-19	
739	1		emilio	255	152	16	21	-19	
740	1		emilio	255	152	16	21	-19	
741	1		emilio	264	150	17	22	-19	
742	1		emilio	264	150	17	22	-19	
743	1		emilio	264	150	17	22	-19	
744	1		emilio	271	148	17	22	-19	
745	1		emilio	271	148	17	22	-19	
746	1		emilio	278	148	19	24	-17	
747	1		emilio	278	148	19	24	-17	
748	1		emilio	278	148	19	24	-17	
749	1		emilio	280	148	19	24	-17	
750	1		emilio	280	148	19	24	-17	
751	1		emilio	282	150	20	26	-17	
752	1		emilio	282	150	20	26	-17	
753	1		emilio	282	150	20	26	-17	
754	1		emilio	281	150	20	26	-17	
755	1		emilio	281	150	20	26	-17	
756	1		emilio	281	150	20	26	-17	
757	1		emilio	279	150	22	28	-17	
758	1		emilio	279	150	22	28	-17	
759	1		emilio	279	153	22	28	-17	
760	1		emilio	279	153	22	28	-17	
761	1		emilio	272	153	24	29	-17	
762	1		emilio	272	153	24	29	-17	
763	1		emilio	272	153	24	29	-17	
764	1		emilio	267	151	24	29	-17	
765	1		emilio	267	151	24	29	-17	
766	1		emilio	258	149	24	29	-17	
767	1		emilio	258	149	24	29	-17	
768	1		emilio	256	149	24	29	-17	
769	1		emilio	250	149	26	32	-17	
770	1		emilio	250	149	26	32	-17	
771	1		emilio	240	145	26	32	-17	
772	1		emilio	240	145	26	32	-17	
773	1		emilio	240	145	26	32	-17	
774	1		emilio	227	142	26	32	-17	
775	1		emilio	227	142	26	32	-17	
776	1		emilio	206	135	26	32	-17	
777	1		emilio	206	135	26	32	-17	
778	1		emilio	206	135	26	32	-17	
779	1		emilio	189	126	31	35	-17	
780	1		emilio	189	126	31	35	-17	
781	1		emilio	171	122	31	35	-17	
782	1		emilio	171	122	31	35	-17	
783	1		emilio	171	122	31	35	-17	
784	1		emilio	152	116	31	35	-17	
785	1		emilio	152	116	31	35	-17	
786	1		emilio	126	114	35	41	-13	
787	1		emilio	126	114	35	41	-13	
788	1		emilio	126	114	35	41	-13	
789	1		emilio	102	110	40	45	-5	
790	1		emilio	102	110	40	45	-5	
791	1		emilio	77	108	43	47	-5	
792	1		emilio	77	108	43	47	-5	
793	1		emilio	77	108	43	47	-5	
794	1		emilio	51	104	46	55	-5	
795	1		emilio	51	104	46	55	-5	
796	1		emilio	16	102	50	58	-5	
797	1		emilio	16	102	50	58	-5	
798	1		emilio	16	102	50	58	-5	
799	1		emilio	-17	95	50	61	-5	
800	1		emilio	-17	95	50	61	-5	
801	1		emilio	-46	95	50	61	-5	
802	1		emilio	-46	95	50	61	-5	
803	1		emilio	-46	95	50	61	-5	
804	1		emilio	-46	95	50	61	-5	
805	1		emilio	-46	95	50	61	-5	
806	1		emilio	-46	95	50	61	-5	
807	1		emilio	-46	95	50	61	-5	
808	1		emilio	-46	95	50	61	-5	
809	1		emilio	-46	95	50	61	-5	
810	1		emilio	-46	95	50	61	-5	
811	1		emilio	-42	95	50	61	-5	
812	1		emilio	-40	95	50	61	-5	
813	1		emilio	-40	95	50	61	-5	
814	1		emilio	-29	63	50	61	-5	
815	1		emilio	-29	63	50	61	-5	
816	1		emilio	13	64	50	64	-5	
817	1		emilio	13	64	50	64	-5	
818	1		emilio	13	64	50	64	-5	
819	1		emilio	41	55	56	68	-5	
820	1		emilio	41	55	56	68	-5	
821	1		emilio	69	47	63	71	-5	
822	1		emilio	69	47	63	71	-5	
823	1		emilio	69	47	63	71	-5	
824	1		emilio	94	43	67	74	-5	
825	1		emilio	94	43	67	74	-5	
826	1		emilio	113	40	67	74	-5	
827	1		emilio	113	40	67	74	-5	
828	1		emilio	113	40	67	74	-5	
829	1		emilio	124	40	67	74	-5	
830	1		emilio	124	40	67	74	-5	
831	1		emilio	135	36	67	74	-5	
832	1		emilio	135	36	67	74	-5	
833	1		emilio	135	36	67	74	-5	
834	1		emilio	141	41	67	74	-5	
835	1		emilio	141	41	67	74	-5	
836	1		emilio	145	51	67	74	-5	
837	1		emilio	145	51	67	74	-5	
838	1		emilio	145	51	67	74	-5	
839	1		emilio	141	65	67	80	17	
840	1		emilio	141	65	67	80	17	
841	1		emilio	132	88	67	86	17	
842	1		emilio	132	88	67	86	17	
843	1		emilio	132	88	67	86	17	
844	1		emilio	118	104	67	86	17	
845	1		emilio	118	104	67	86	17	
846	1		emilio	118	104	67	86	17	
847	1		emilio	92	125	68	86	17	
848	1		emilio	92	125	68	86	17	
849	1		emilio	74	143	68	86	17	
850	1		emilio	74	143	68	86	17	
851	1		emilio	53	142	64	82	14	
852	1		emilio	53	142	64	82	14	
853	1		emilio	53	142	64	82	14	
854	1		emilio	44	133	64	79	9	
855	1		emilio	44	133	64	79	9	
856	1		emilio	37	118	64	79	9	
857	1		emilio	37	118	64	79	9	
858	1		emilio	37	118	64	79	9	
859	1		emilio	37	102	64	77	9	
860	1		emilio	37	102	64	77	9	
861	1		emilio	48	92	64	77	9	
862	1		emilio	48	92	64	77	9	
863	1		emilio	48	92	64	77	9	
864	1		emilio	62	76	65	76	9	
865	1		emilio	62	76	65	76	9	
866	1		emilio	81	72	65	76	9	
867	1		emilio	81	72	65	76	9	
868	1		emilio	81	72	65	76	9	
869	1		emilio	96	68	65	76	9	
870	1		emilio	96	68	65	76	9	
871	1		emilio	96	68	65	76	9	
872	1		emilio	102	58	65	76	9	
873	1		emilio	102	58	65	76	9	
874	1		emilio	104	51	65	76	9	
875	1		emilio	104	51	65	76	9	
876	1		emilio	97	51	65	76	9	
877	1		emilio	97	51	65	76	9	
878	1		emilio	97	51	65	76	9	
879	1		emilio	77	51	65	76	9	
880	1		emilio	77	51	65	76	9	
881	1		emilio	57	51	63	74	9	
882	1		emilio	57	51	63	74	9	
883	1		emilio	57	51	63	74	9	
884	1		emilio	24	59	62	73	9	
885	1		emilio	24	59	62	73	9	
886	1		emilio	24	59	62	73	9	
887	1		emilio	-8	81	62	73	9	
888	1		emilio	-8	81	62	73	9	
889	1		emilio	-28	101	62	73	9	
890	1		emilio	-28	101	62	73	9	
891	1		emilio	-28	104	62	73	9	
892	1		emilio	-28	104	62	73	9	
893	1		emilio	-28	104	62	73	9	
894	1		emilio	-13	104	62	73	9	
895	1		emilio	-13	104	62	73	9	
896	1		emilio	9	93	60	71	9	
897	1		emilio	9	93	60	71	9	
898	1		emilio	9	93	60	71	9	
899	1		emilio	38	80	57	64	4	
900	1		emilio	38	80	57	64	4	
901	1		emilio	69	80	53	64	-4	
902	1		emilio	69	80	53	64	-4	
903	1		emilio	69	80	53	64	-4	
904	1		emilio	104	80	51	62	-4	
905	1		emilio	104	80	51	62	-4	
906	1		emilio	131	85	47	58	-4	
907	1		emilio	131	85	47	58	-4	
908	1		emilio	131	85	47	58	-4	
909	1		emilio	154	85	47	58	-4	
910	1		emilio	154	85	47	58	-4	
911	1		emilio	154	85	47	58	-4	
912	1		emilio	168	85	42	53	-4	
913	1		emilio	168	85	42	53	-4	
914	1		emilio	180	90	40	51	-4	
915	1		emilio	180	90	40	51	-4	
916	1		emilio	188	100	39	50	-4	
917	1		emilio	188	100	39	50	-4	
918	1		emilio	188	100	39	50	-4	
919	1		emilio	196	100	39	50	-4	
920	1		emilio	196	100	39	50	-4	
921	1		emilio	196	100	39	50	-4	
922	1		emilio	205	100	39	50	-4	
923	1		emilio	205	100	39	50	-4	
924	1		emilio	212	95	36	47	-4	
925	1		emilio	212	95	36	47	-4	
926	1		emilio	222	94	35	44	-4	
927	1		emilio	222	94	35	44	-4	
928	1		emilio	222	94	35	44	-4	
929	1		emilio	233	95	35	44	-4	
930	1		emilio	233	95	35	44	-4	
931	1		emilio	243	97	35	42	-4	
932	1		emilio	243	97	35	42	-4	
933	1		emilio	243	97	35	42	-4	
934	1		emilio	249	97	35	42	-4	
935	1		emilio	249	97	35	42	-4	
936	1		emilio	252	102	35	42	-4	
937	1		emilio	252	102	35	42	-4	
938	1		emilio	252	102	35	42	-4	
939	1		emilio	252	102	35	42	-4	
940	1		emilio	252	102	35	42	-4	
941	1		emilio	245	102	35	42	-4	
942	1		emilio	245	102	35	42	-4	
943	1		emilio	245	102	35	42	-4	
944	1		emilio	237	100	35	42	-4	
945	1		emilio	237	100	35	42	-4	
946	1		emilio	230	98	35	42	-4	
947	1		emilio	230	98	35	42	-4	
948	1		emilio	230	98	35	42	-4	
949	1		emilio	225	94	33	40	-4	
950	1		emilio	225	94	33	40	-4	
951	1		emilio	216	92	33	40	-4	
952	1		emilio	216	92	33	40	-4	
953	1		emilio	216	92	33	40	-4	
954	1		emilio	207	90	33	40	-4	
955	1		emilio	207	90	33	40	-4	
956	1		emilio	196	90	33	40	-4	
957	1		emilio	196	90	33	40	-4	
958	1		emilio	196	90	33	40	-4	
959	1		emilio	193	90	33	40	-4	
960	1		emilio	193	90	33	40	-4	
961	1		emilio	188	90	33	40	-4	
962	1		emilio	188	90	33	40	-4	
963	1		emilio	188	90	33	40	-4	
964	1		emilio	188	90	33	40	-4	
965	1		emilio	185	90	33	40	-4	
966	1		emilio	185	90	33	40	-4	
967	1		emilio	185	90	33	40	-4	
968	1		emilio	180	94	33	40	-4	
969	1		emilio	180	94	33	40	-4	
970	1		emilio	176	100	33	40	-4	
971	1		emilio	169	104	33	40	-4	
972	1		emilio	169	104	33	40	-4	
973	1		emilio	169	104	33	40	-4	
974	1		emilio	161	109	33	41	-4	
975	1		emilio	161	109	33	41	-4	
976	1		emilio	155	119	33	41	-4	
977	1		emilio	155	119	33	41	-4	
978	1		emilio	155	119	33	41	-4	
979	1		emilio	152	119	33	41	-4	
980	1		emilio	152	119	33	41	-4	
981	1		emilio	152	119	33	41	-4	
982	1		emilio	152	116	32	40	-4	
983	1		emilio	152	116	32	40	-4	
984	1		emilio	155	113	31	39	-4	
985	1		emilio	155	113	31	39	-4	
986	1		emilio	164	108	30	38	-4	
987	1		emilio	164	108	30	38	-4	
988	1		emilio	164	108	30	38	-4	
989	1		emilio	174	105	29	37	-9	
990	1		emilio	172	105	29	37	-9	
991	1		emilio	189	102	29	37	-9	
992	1		emilio	189	102	29	37	-9	
993	1		emilio	189	102	29	37	-9	
994	1		emilio	195	98	28	36	-9	
995	1		emilio	195	98	28	36	-9	
996	1		emilio	203	93	28	36	-9	
997	1		emilio	203	93	28	36	-9	
998	1		emilio	203	93	28	36	-9	
999	1		emilio	204	90	28	36	-9	
1000	1		emilio	204	90	28	36	-9	
1001	1		emilio	204	90	28	36	-9	
1002	1		emilio	202	86	28	36	-7	
1003	1		emilio	202	86	28	36	-7	
1004	1		emilio	202	84	28	36	-7	
1005	1		emilio	202	84	28	36	-7	
1006	1		emilio	202	81	28	36	-4	
1007	1		emilio	202	81	28	36	-4	
1008	1		emilio	202	81	28	36	-4	
1009	1		emilio	202	81	28	36	-4	
1010	1		emilio	201	81	28	36	-4	
1011	1		emilio	201	81	28	36	-4	
1012	1		emilio	201	81	28	36	-4	
1013	1		emilio	199	81	26	34	-4	
1014	1		emilio	199	81	26	34	-4	
1015	1		emilio	196	81	26	34	-4	
1016	1		emilio	192	81	26	34	-4	
1017	1		emilio	190	81	26	34	-4	
1018	1		emilio	190	81	26	34	-4	
1019	1		emilio	185	83	26	34	-2	
1020	1		emilio	185	83	26	34	-2	
1021	1		emilio	180	83	26	34	-3	
1022	1		emilio	179	83	26	34	-3	
1023	1		emilio	179	83	26	34	-3	
1024	1		emilio	175	81	26	34	-3	
1025	1		emilio	175	81	26	34	-3	
1026	1		emilio	169	81	26	34	-3	
1027	1		emilio	169	81	26	34	-3	
1028	1		emilio	169	81	26	34	-3	
1029	1		emilio	162	81	26	34	-3	
1030	1		emilio	162	81	26	34	-3	
1031	1		emilio	158	77	26	34	-3	
1032	1		emilio	158	77	26	34	-3	
1033	1		emilio	158	77	26	34	-3	
1034	1		emilio	153	71	26	34	-3	
1035	1		emilio	153	71	26	34	-3	
1036	1		emilio	146	68	28	36	-3	
1037	1		emilio	146	68	28	36	-3	
1038	1		emilio	146	68	28	36	-3	
1039	1		emilio	138	65	32	39	-3	
1040	1		emilio	138	65	32	39	-3	
1041	1		emilio	128	62	32	39	-3	
1042	1		emilio	128	62	32	39	-3	
1043	1		emilio	128	62	32	39	-3	
1044	1		emilio	117	62	34	40	-3	
1045	1		emilio	117	62	34	40	-3	
1046	1		emilio	100	62	34	40	-3	
1047	1		emilio	100	62	34	40	-3	
1048	1		emilio	100	62	34	40	-3	
1049	1		emilio	83	62	36	42	-3	
1050	1		emilio	83	62	36	42	-3	
1051	1		emilio	63	57	36	42	-3	
1052	1		emilio	63	57	36	42	-3	
1053	1		emilio	63	57	36	42	-3	
1054	1		emilio	44	54	38	44	-3	
1055	1		emilio	44	54	38	44	-3	
1056	1		emilio	27	54	38	44	-3	
1057	1		emilio	27	54	38	44	-3	
1058	1		emilio	27	54	38	44	-3	
1059	1		emilio	16	50	38	46	-3	
1060	1		emilio	16	50	38	46	-3	
1061	1		emilio	14	50	38	46	-3	
1062	1		emilio	14	50	38	46	-3	
1063	1		emilio	14	50	38	46	-3	
1064	1		emilio	14	50	38	46	-3	
1065	1		emilio	14	50	38	46	-3	
1066	1		emilio	14	50	38	46	-3	
1067	1		emilio	14	50	38	46	-3	
1068	1		emilio	14	50	38	46	-3	
1069	1		emilio	34	50	38	46	-3	
1070	1		emilio	34	50	38	46	-3	
1071	1		emilio	34	50	38	46	-3	
1072	1		emilio	34	50	38	46	-3	
1073	1		emilio	34	50	38	46	-3	
1074	1		emilio	72	54	38	45	-3	
1075	1		emilio	72	54	38	45	-3	
1076	1		emilio	72	54	38	45	-3	
1077	1		emilio	72	54	38	45	-3	
1078	1		emilio	72	54	38	45	-3	
1079	1		emilio	116	54	36	43	-10	
1080	1		emilio	116	54	36	43	-10	
1081	1		emilio	116	54	36	43	-10	
1082	1		emilio	116	54	36	43	-10	
1083	1		emilio	116	54	36	43	-10	
1084	1		emilio	153	50	36	43	-10	
1085	1		emilio	153	50	36	43	-10	
1086	1		emilio	153	50	36	43	-10	
1087	1		emilio	153	50	36	43	-10	
1088	1		emilio	153	50	36	43	-10	
1089	1		emilio	177	53	34	41	-10	
1090	1		emilio	177	53	34	41	-10	
1091	1		emilio	177	53	34	41	-10	
1092	1		emilio	177	53	34	41	-10	
1093	1		emilio	177	53	34	41	-10	
1094	1		emilio	198	58	33	40	-7	
1095	1		emilio	198	58	33	40	-7	
1096	1		emilio	198	58	33	40	-7	
1097	1		emilio	198	58	33	40	-7	
1098	1		emilio	198	58	33	40	-7	
1099	1		emilio	219	58	33	40	-7	
1100	1		emilio	219	58	33	40	-7	
1101	1		emilio	219	58	33	40	-7	
1102	1		emilio	219	58	33	40	-7	
1103	1		emilio	219	58	33	40	-7	
1104	1		emilio	238	58	32	39	-7	
1105	1		emilio	238	58	32	39	-7	
1106	1		emilio	238	58	32	39	-7	
1107	1		emilio	238	58	32	39	-7	
1108	1		emilio	238	58	32	39	-7	
1109	1		emilio	256	55	32	39	-7	
1110	1		emilio	256	55	32	39	-7	
1111	1		emilio	256	55	32	39	-7	
1112	1		emilio	256	55	32	39	-7	
1113	1		emilio	256	55	32	39	-7	
1114	1		emilio	276	55	32	39	-7	
1115	1		emilio	276	55	32	39	-7	
1116	1		emilio	284	53	32	39	-7	
1117	1		emilio	284	53	32	39	-7	
1118	1		emilio	284	53	32	39	-7	
1119	1		emilio	284	50	33	41	-7	
1120	1		emilio	284	50	33	41	-7	
1121	1		emilio	278	50	33	41	-7	
1122	1		emilio	278	50	33	41	-7	
1123	1		emilio	278	50	33	41	-7	
